{
    "keyframes": [
        {
            "matrix": [
                -0.2529793330326684,
                -0.39477005470446114,
                0.8832655665013684,
                1.1799765604574954,
                0.9674716828198883,
                -0.10322644777500611,
                0.23096069670272396,
                0.16411498762080157,
                -1.6653345369377348e-16,
                0.9129627070085562,
                0.4080430070612768,
                1.2193679518431626,
                0.0,
                0.0,
                0.0,
                1.0
            ],
            "fov": 90,
            "aspect": 1.7777777777777777,
            "enable_model_transform": true,
            "model_sizes": [
                1.0
            ],
            "model_poses": [
                {
                    "wxyz": [
                        1.0,
                        0.0,
                        0.0,
                        0.0
                    ],
                    "position": [
                        0.0,
                        0.0,
                        0.0
                    ]
                }
            ]
        },
        {
            "matrix": [
                -0.03769510100366602,
                -0.4284070416954595,
                0.9027992501027393,
                1.2275498515047092,
                0.9992892871237655,
                -0.016160332063473892,
                0.034055312467731746,
                -0.31543804211688736,
                -5.551115123125783e-17,
                0.903441337494219,
                0.42871173264404233,
                1.2697055797985426,
                0.0,
                0.0,
                0.0,
                1.0
            ],
            "fov": 90,
            "aspect": 1.7777777777777777,
            "enable_model_transform": true,
            "model_sizes": [
                1.0
            ],
            "model_poses": [
                {
                    "wxyz": [
                        1.0,
                        0.0,
                        0.0,
                        0.0
                    ],
                    "position": [
                        0.0,
                        0.0,
                        0.0
                    ]
                }
            ]
        },
        {
            "matrix": [
                0.03832289269979272,
                -0.4447364233364432,
                0.8948412538841894,
                1.0424863928841404,
                0.9992654081349561,
                0.017056115514918258,
                -0.03431811516417521,
                -0.48820787651752123,
                1.6653345369377348e-16,
                0.8954990802236762,
                0.44506336326252466,
                1.3095291429515263,
                0.0,
                0.0,
                0.0,
                1.0
            ],
            "fov": 90,
            "aspect": 1.7777777777777777,
            "enable_model_transform": true,
            "model_sizes": [
                1.0
            ],
            "model_poses": [
                {
                    "wxyz": [
                        1.0,
                        0.0,
                        0.0,
                        0.0
                    ],
                    "position": [
                        0.0,
                        0.0,
                        0.0
                    ]
                }
            ]
        },
        {
            "matrix": [
                0.32332034697961637,
                -0.42359146758966304,
                0.8461880534575137,
                0.9239940024312584,
                0.9462895715524824,
                0.14472920805203943,
                -0.28911849319552185,
                -1.108761213532499,
                3.3306690738754696e-16,
                0.8942168220973395,
                0.4476340861441799,
                1.315790007535312,
                0.0,
                0.0,
                0.0,
                1.0
            ],
            "fov": 90,
            "aspect": 1.7777777777777777,
            "enable_model_transform": true,
            "model_sizes": [
                1.0
            ],
            "model_poses": [
                {
                    "wxyz": [
                        1.0,
                        0.0,
                        0.0,
                        0.0
                    ],
                    "position": [
                        0.0,
                        0.0,
                        0.0
                    ]
                }
            ]
        },
        {
            "matrix": [
                0.3758774171858199,
                -0.414994830382511,
                0.8285502145347066,
                0.6840204665614555,
                0.9266693947949922,
                0.16833099902274717,
                -0.3360781271048249,
                -1.1558136812101432,
                1.1102230246251565e-16,
                0.8941163042489467,
                0.4478348294585909,
                1.316278907648427,
                0.0,
                0.0,
                0.0,
                1.0
            ],
            "fov": 90,
            "aspect": 1.7777777777777777,
            "enable_model_transform": true,
            "model_sizes": [
                1.0
            ],
            "model_poses": [
                {
                    "wxyz": [
                        1.0,
                        0.0,
                        0.0,
                        0.0
                    ],
                    "position": [
                        0.0,
                        0.0,
                        0.0
                    ]
                }
            ]
        },
        {
            "matrix": [
                0.4882869235620199,
                -0.3243523782937657,
                0.8101675227837242,
                0.4570669231956234,
                0.8726831499910712,
                0.18148284970175882,
                -0.4533079471901974,
                -1.3329087752460433,
                1.6653345369377348e-16,
                0.9283638887630793,
                0.3716725575566391,
                1.1307895753775636,
                0.0,
                0.0,
                0.0,
                1.0
            ],
            "fov": 90,
            "aspect": 1.7777777777777777,
            "enable_model_transform": true,
            "model_sizes": [
                1.0
            ],
            "model_poses": [
                {
                    "wxyz": [
                        1.0,
                        0.0,
                        0.0,
                        0.0
                    ],
                    "position": [
                        0.0,
                        0.0,
                        0.0
                    ]
                }
            ]
        },
        {
            "matrix": [
                0.752759717689234,
                -0.25554852668634476,
                0.6066693975575687,
                0.10897970319185585,
                0.6582953800722171,
                0.2922193328824655,
                -0.6937254889834322,
                -1.71511431016709,
                1.1102230246251565e-16,
                0.921576264884337,
                0.38819735702582336,
                1.1710348824423906,
                0.0,
                0.0,
                0.0,
                1.0
            ],
            "fov": 90,
            "aspect": 1.7777777777777777,
            "enable_model_transform": true,
            "model_sizes": [
                1.0
            ],
            "model_poses": [
                {
                    "wxyz": [
                        1.0,
                        0.0,
                        0.0,
                        0.0
                    ],
                    "position": [
                        0.0,
                        0.0,
                        0.0
                    ]
                }
            ]
        },
        {
            "matrix": [
                0.9232663240730795,
                -0.1502098956740214,
                0.353576416173623,
                -0.5074153562909655,
                0.3841605066018414,
                0.3610046733983807,
                -0.8497625144426795,
                -2.09513453460614,
                2.498001805406602e-16,
                0.9203872082043123,
                0.39100816740046734,
                1.1778804678813855,
                0.0,
                0.0,
                0.0,
                1.0
            ],
            "fov": 90,
            "aspect": 1.7777777777777777,
            "enable_model_transform": true,
            "model_sizes": [
                1.0
            ],
            "model_poses": [
                {
                    "wxyz": [
                        1.0,
                        0.0,
                        0.0,
                        0.0
                    ],
                    "position": [
                        0.0,
                        0.0,
                        0.0
                    ]
                }
            ]
        },
        {
            "matrix": [
                0.9820082304596154,
                -0.07541005636227341,
                0.17312757928479713,
                -0.7149647785434379,
                0.1888381193233373,
                0.39215226392070995,
                -0.9003092616386255,
                -2.1217375009406156,
                8.326672684688674e-17,
                0.9168041913632925,
                0.399337043985027,
                1.198165022394481,
                0.0,
                0.0,
                0.0,
                1.0
            ],
            "fov": 90,
            "aspect": 1.7777777777777777,
            "enable_model_transform": true,
            "model_sizes": [
                1.0
            ],
            "model_poses": [
                {
                    "wxyz": [
                        1.0,
                        0.0,
                        0.0,
                        0.0
                    ],
                    "position": [
                        0.0,
                        0.0,
                        0.0
                    ]
                }
            ]
        },
        {
            "matrix": [
                0.9767792036970306,
                0.08655250511073236,
                -0.19598737480779566,
                -1.1969102362498991,
                -0.2142484240898745,
                0.3946012082897746,
                -0.8935253209569693,
                -2.1346838396608754,
                2.3592239273284576e-16,
                0.9147669376815641,
                0.40398199183217737,
                1.2094775561869349,
                0.0,
                0.0,
                0.0,
                1.0
            ],
            "fov": 90,
            "aspect": 1.7777777777777777,
            "enable_model_transform": true,
            "model_sizes": [
                1.0
            ],
            "model_poses": [
                {
                    "wxyz": [
                        1.0,
                        0.0,
                        0.0,
                        0.0
                    ],
                    "position": [
                        0.0,
                        0.0,
                        0.0
                    ]
                }
            ]
        },
        {
            "matrix": [
                0.9156442199249538,
                0.16345226229821264,
                -0.36725879222643404,
                -1.341360935595105,
                -0.40198962986378484,
                0.3723084081988133,
                -0.8365349883097797,
                -2.1155963420262447,
                5.551115123125783e-17,
                0.9136026527621635,
                0.40660815641836046,
                1.2158734462169964,
                0.0,
                0.0,
                0.0,
                1.0
            ],
            "fov": 90,
            "aspect": 1.7777777777777777,
            "enable_model_transform": true,
            "model_sizes": [
                1.0
            ],
            "model_poses": [
                {
                    "wxyz": [
                        1.0,
                        0.0,
                        0.0,
                        0.0
                    ],
                    "position": [
                        0.0,
                        0.0,
                        0.0
                    ]
                }
            ]
        },
        {
            "matrix": [
                0.6039265089879404,
                0.27835180152551203,
                -0.7468554387089521,
                -1.7360921035912293,
                -0.7970400063620642,
                0.21091040653415255,
                -0.5659010767563175,
                -1.5845486389128622,
                5.551115123125783e-17,
                0.9370363253380847,
                0.349231907186184,
                1.0761365148924686,
                0.0,
                0.0,
                0.0,
                1.0
            ],
            "fov": 90,
            "aspect": 1.7777777777777777,
            "enable_model_transform": true,
            "model_sizes": [
                1.0
            ],
            "model_poses": [
                {
                    "wxyz": [
                        1.0,
                        0.0,
                        0.0,
                        0.0
                    ],
                    "position": [
                        0.0,
                        0.0,
                        0.0
                    ]
                }
            ]
        },
        {
            "matrix": [
                0.48243943263939076,
                0.18937521782691813,
                -0.8552129680422242,
                -1.7981879890259456,
                -0.8759293315299945,
                0.10430301778431855,
                -0.4710293904274993,
                -1.2005698214248883,
                1.1102230246251565e-16,
                0.9763492752873286,
                0.2161991966819222,
                0.7521421273118853,
                0.0,
                0.0,
                0.0,
                1.0
            ],
            "fov": 90,
            "aspect": 1.7777777777777777,
            "enable_model_transform": true,
            "model_sizes": [
                1.0
            ],
            "model_poses": [
                {
                    "wxyz": [
                        1.0,
                        0.0,
                        0.0,
                        0.0
                    ],
                    "position": [
                        0.0,
                        0.0,
                        0.0
                    ]
                }
            ]
        },
        {
            "matrix": [
                0.37953476267371716,
                0.2528801372092146,
                -0.8899466276846348,
                -1.5233161651277878,
                -0.9251774769860133,
                0.10373880174133027,
                -0.3650820415893773,
                -1.0836253820071753,
                -5.551115123125783e-17,
                0.9619199016645418,
                0.2733314888220496,
                0.8912849135698753,
                0.0,
                0.0,
                0.0,
                1.0
            ],
            "fov": 90,
            "aspect": 1.7777777777777777,
            "enable_model_transform": true,
            "model_sizes": [
                1.0
            ],
            "model_poses": [
                {
                    "wxyz": [
                        1.0,
                        0.0,
                        0.0,
                        0.0
                    ],
                    "position": [
                        0.0,
                        0.0,
                        0.0
                    ]
                }
            ]
        },
        {
            "matrix": [
                0.5116481501860362,
                0.24960836745782944,
                -0.8221385730558108,
                -1.1648110106356837,
                -0.8591950712214355,
                0.14864105225743368,
                -0.48958111398684023,
                -1.307513763422328,
                1.6653345369377348e-16,
                0.9568706811679624,
                0.2905141984846178,
                0.9331325273860303,
                0.0,
                0.0,
                0.0,
                1.0
            ],
            "fov": 90,
            "aspect": 1.7777777777777777,
            "enable_model_transform": true,
            "model_sizes": [
                1.0
            ],
            "model_poses": [
                {
                    "wxyz": [
                        1.0,
                        0.0,
                        0.0,
                        0.0
                    ],
                    "position": [
                        0.0,
                        0.0,
                        0.0
                    ]
                }
            ]
        },
        {
            "matrix": [
                0.5116480934309175,
                0.24960837727648438,
                -0.8221386053956519,
                -1.2734807686092506,
                -0.8591951050189399,
                0.14864103576926607,
                -0.48958105967953125,
                -1.1250279390574156,
                1.1102230246251565e-16,
                0.9568706811679623,
                0.29051419848461796,
                0.9331325273860301,
                0.0,
                0.0,
                0.0,
                1.0
            ],
            "fov": 90,
            "aspect": 1.7777777777777777,
            "enable_model_transform": true,
            "model_sizes": [
                1.0
            ],
            "model_poses": [
                {
                    "wxyz": [
                        1.0,
                        0.0,
                        0.0,
                        0.0
                    ],
                    "position": [
                        0.0,
                        0.0,
                        0.0
                    ]
                }
            ]
        },
        {
            "matrix": [
                0.23574364419488125,
                0.23253152346370337,
                -0.9435857273281356,
                -1.5692634214028023,
                -0.9718152778289286,
                0.0564076630426984,
                -0.22889569967202156,
                -0.49013468013299477,
                -1.6653345369377348e-16,
                0.9709517321400232,
                0.23927543512506527,
                0.8083431301608064,
                0.0,
                0.0,
                0.0,
                1.0
            ],
            "fov": 90,
            "aspect": 1.7777777777777777,
            "enable_model_transform": true,
            "model_sizes": [
                1.0
            ],
            "model_poses": [
                {
                    "wxyz": [
                        1.0,
                        0.0,
                        0.0,
                        0.0
                    ],
                    "position": [
                        0.0,
                        0.0,
                        0.0
                    ]
                }
            ]
        },
        {
            "matrix": [
                0.014587528157336882,
                0.18253359244537642,
                -0.9830913953703615,
                -1.6654774628576123,
                -0.9998935963502613,
                0.002662997272085743,
                -0.014342399494852998,
                0.03239894960965173,
                5.551115123125783e-17,
                0.9831960110143421,
                0.18255301675262964,
                0.6701985705783857,
                0.0,
                0.0,
                0.0,
                1.0
            ],
            "fov": 90,
            "aspect": 1.7777777777777777,
            "enable_model_transform": true,
            "model_sizes": [
                1.0
            ],
            "model_poses": [
                {
                    "wxyz": [
                        1.0,
                        0.0,
                        0.0,
                        0.0
                    ],
                    "position": [
                        0.0,
                        0.0,
                        0.0
                    ]
                }
            ]
        },
        {
            "matrix": [
                -0.2694867678198717,
                0.14083908142209844,
                -0.9526495867391,
                -1.5913379891376147,
                -0.9630040923952498,
                -0.03941236505107548,
                0.2665891661547448,
                0.7165934625206692,
                -1.6653345369377348e-16,
                0.9892477033712337,
                0.14624972264841962,
                0.5817837476685375,
                0.0,
                0.0,
                0.0,
                1.0
            ],
            "fov": 90,
            "aspect": 1.7777777777777777,
            "enable_model_transform": true,
            "model_sizes": [
                1.0
            ],
            "model_poses": [
                {
                    "wxyz": [
                        1.0,
                        0.0,
                        0.0,
                        0.0
                    ],
                    "position": [
                        0.0,
                        0.0,
                        0.0
                    ]
                }
            ]
        }
    ],
    "camera_type": "perspective",
    "render_height": 1080.0,
    "render_width": 1920.0,
    "fps": 30.0,
    "seconds": 8.0,
    "is_cycle": false,
    "smoothness_value": 0.0,
    "orientation_transform": [
        [
            1.0,
            0.0,
            0.0,
            0.0
        ],
        [
            0.0,
            1.0,
            0.0,
            0.0
        ],
        [
            0.0,
            0.0,
            1.0,
            0.0
        ],
        [
            0.0,
            0.0,
            0.0,
            1.0
        ]
    ],
    "background_color": [
        0.5,
        0.5,
        0.5
    ],
    "sh_degree": 3,
    "camera_path": [
        {
            "camera_to_world": [
                -0.2529793330326684,
                -0.39477005470446114,
                0.8832655665013684,
                1.1799765604574954,
                0.9674716828198883,
                -0.10322644777500611,
                0.23096069670272396,
                0.16411498762080157,
                -1.6653345369377348e-16,
                0.9129627070085562,
                0.4080430070612768,
                1.2193679518431626,
                0.0,
                0.0,
                0.0,
                1.0
            ],
            "fov": 90.0,
            "aspect": 1.7777777777777777,
            "model_sizes": [
                1.0
            ],
            "model_poses": [
                {
                    "wxyz": [
                        1.0,
                        0.0,
                        0.0,
                        0.0
                    ],
                    "position": [
                        0.0,
                        0.0,
                        0.0
                    ]
                }
            ]
        },
        {
            "camera_to_world": [
                -0.22959021481473685,
                -0.3994096276229506,
                0.887558607993534,
                1.1866002405721714,
                0.9732873549546037,
                -0.09399178759903959,
                0.2094690157264531,
                0.11634755450528009,
                -0.00024072140562148014,
                0.9119416062588841,
                0.4103199347182288,
                1.2241798103221675,
                0.0,
                0.0,
                0.0,
                1.0
            ],
            "fov": 90.0,
            "aspect": 1.7777777777777777,
            "model_sizes": [
                1.0
            ],
            "model_poses": [
                {
                    "wxyz": [
                        1.0,
                        0.0,
                        0.0,
                        0.0
                    ],
                    "position": [
                        0.0,
                        0.0,
                        0.0
                    ]
                }
            ]
        },
        {
            "camera_to_world": [
                -0.20696441541462685,
                -0.4036379425392215,
                0.8912026380654325,
                1.1931202079920318,
                0.9783483850885252,
                -0.085005654448009,
                0.1887020829417127,
                0.0689806566617891,
                -0.00041005701691448904,
                0.9109612780215031,
                0.41249167482347177,
                1.2289564878051653,
                0.0,
                0.0,
                0.0,
                1.0
            ],
            "fov": 90.0,
            "aspect": 1.7777777777777777,
            "model_sizes": [
                1.0
            ],
            "model_poses": [
                {
                    "wxyz": [
                        1.0,
                        0.0,
                        0.0,
                        0.0
                    ],
                    "position": [
                        0.0,
                        0.0,
                        0.0
                    ]
                }
            ]
        },
        {
            "camera_to_world": [
                -0.18521657238421152,
                -0.40746843167655517,
                0.8942395084658767,
                1.1994327500222615,
                0.9826975906533786,
                -0.07632052560085334,
                0.16876202978174526,
                0.022414829362359112,
                -0.0005163703025554134,
                0.9100245351412556,
                0.41455407223021284,
                1.2336628032961496,
                0.0,
                0.0,
                0.0,
                1.0
            ],
            "fov": 90.0,
            "aspect": 1.7777777777777777,
            "model_sizes": [
                1.0
            ],
            "model_poses": [
                {
                    "wxyz": [
                        1.0,
                        0.0,
                        0.0,
                        0.0
                    ],
                    "position": [
                        0.0,
                        0.0,
                        0.0
                    ]
                }
            ]
        },
        {
            "camera_to_world": [
                -0.16445936610939105,
                -0.4109171770010873,
                0.8967163378373086,
                1.2054341539680449,
                0.9863836951083782,
                -0.06798830033280989,
                0.1497491136608078,
                -0.02294939212097938,
                -0.0005682633536936987,
                0.909134019088117,
                0.4165033162094248,
                1.238263575799113,
                0.0,
                0.0,
                0.0,
                1.0
            ],
            "fov": 90.0,
            "aspect": 1.7777777777777777,
            "model_sizes": [
                1.0
            ],
            "model_poses": [
                {
                    "wxyz": [
                        1.0,
                        0.0,
                        0.0,
                        0.0
                    ],
                    "position": [
                        0.0,
                        0.0,
                        0.0
                    ]
                }
            ]
        },
        {
            "camera_to_world": [
                -0.14480323699695063,
                -0.4140024965560465,
                0.898684569468379,
                1.2110207071345669,
                0.9894603036576335,
                -0.06006011043771653,
                0.13176149141518223,
                -0.06671147251619589,
                -0.0005744919048910058,
                0.9082921974670762,
                0.41833593436313976,
                1.2427236243180488,
                0.0,
                0.0,
                0.0,
                1.0
            ],
            "fov": 90.0,
            "aspect": 1.7777777777777777,
            "model_sizes": [
                1.0
            ],
            "model_poses": [
                {
                    "wxyz": [
                        1.0,
                        0.0,
                        0.0,
                        0.0
                    ],
                    "position": [
                        0.0,
                        0.0,
                        0.0
                    ]
                }
            ]
        },
        {
            "camera_to_world": [
                -0.1263561988088152,
                -0.4167444853559444,
                0.9001989474266212,
                1.216088696827012,
                0.991984785779713,
                -0.0525861676762871,
                0.1148950814904574,
                -0.10847087655125992,
                -0.0005438788142766993,
                0.9075013657810829,
                0.42004877728819145,
                1.2470077678569504,
                0.0,
                0.0,
                0.0,
                1.0
            ],
            "fov": 90.0,
            "aspect": 1.7777777777777777,
            "model_sizes": [
                1.0
            ],
            "model_poses": [
                {
                    "wxyz": [
                        1.0,
                        0.0,
                        0.0,
                        0.0
                    ],
                    "position": [
                        0.0,
                        0.0,
                        0.0
                    ]
                }
            ]
        },
        {
            "camera_to_world": [
                -0.10922374813002778,
                -0.41916451378200664,
                0.901316416820598,
                1.2205344103505646,
                0.9940170709799596,
                -0.045615648624842686,
                0.09924351465439313,
                -0.147827068954141,
                -0.00048522659663552403,
                0.9067636533223136,
                0.42163899436451685,
                1.2510808254198102,
                0.0,
                0.0,
                0.0,
                1.0
            ],
            "fov": 90.0,
            "aspect": 1.7777777777777777,
            "model_sizes": [
                1.0
            ],
            "model_poses": [
                {
                    "wxyz": [
                        1.0,
                        0.0,
                        0.0,
                        0.0
                    ],
                    "position": [
                        0.0,
                        0.0,
                        0.0
                    ]
                }
            ]
        },
        {
            "camera_to_world": [
                -0.09350886691385862,
                -0.4212846863589589,
                0.9020949533435602,
                1.2242541350104097,
                0.9956183636176256,
                -0.03919661608262481,
                0.08489817026905089,
                -0.18437951445280854,
                -0.000407229477965787,
                0.9060810329805524,
                0.42310400120661507,
                1.254907616010622,
                0.0,
                0.0,
                0.0,
                1.0
            ],
            "fov": 90.0,
            "aspect": 1.7777777777777777,
            "model_sizes": [
                1.0
            ],
            "model_poses": [
                {
                    "wxyz": [
                        1.0,
                        0.0,
                        0.0,
                        0.0
                    ],
                    "position": [
                        0.0,
                        0.0,
                        0.0
                    ]
                }
            ]
        },
        {
            "camera_to_world": [
                -0.0793121118649649,
                -0.4231272636209691,
                0.9025923264088558,
                1.2271441581117317,
                0.9968497818339155,
                -0.0333759748058875,
                0.07194829228989397,
                -0.21772767777523205,
                -0.00031838529261524195,
                0.9054553346722233,
                0.4244414394759513,
                1.2584529586333786,
                0.0,
                0.0,
                0.0,
                1.0
            ],
            "fov": 90.0,
            "aspect": 1.7777777777777777,
            "model_sizes": [
                1.0
            ],
            "model_poses": [
                {
                    "wxyz": [
                        1.0,
                        0.0,
                        0.0,
                        0.0
                    ],
                    "position": [
                        0.0,
                        0.0,
                        0.0
                    ]
                }
            ]
        },
        {
            "camera_to_world": [
                -0.06673178111204214,
                -0.42471404951085306,
                0.9028647991464207,
                1.2291007669597152,
                0.9977709245626751,
                -0.028199457882511325,
                0.06048117618297866,
                -0.24747102364938123,
                -0.00022690737872049782,
                0.9048882620098598,
                0.42564912990609594,
                1.2616816722920732,
                0.0,
                0.0,
                0.0,
                1.0
            ],
            "fov": 90.0,
            "aspect": 1.7777777777777777,
            "model_sizes": [
                1.0
            ],
            "model_poses": [
                {
                    "wxyz": [
                        1.0,
                        0.0,
                        0.0,
                        0.0
                    ],
                    "position": [
                        0.0,
                        0.0,
                        0.0
                    ]
                }
            ]
        },
        {
            "camera_to_world": [
                -0.05586414518994598,
                -0.4260657464280976,
                0.9029657673482783,
                1.2300202488595446,
                0.9984383694067381,
                -0.023711638548430503,
                0.05058241486685694,
                -0.27320901680322535,
                -0.00014063644941481046,
                0.904381411749499,
                0.42672501954229525,
                1.2645585759906988,
                0.0,
                0.0,
                0.0,
                1.0
            ],
            "fov": 90.0,
            "aspect": 1.7777777777777777,
            "model_sizes": [
                1.0
            ],
            "model_poses": [
                {
                    "wxyz": [
                        1.0,
                        0.0,
                        0.0,
                        0.0
                    ],
                    "position": [
                        0.0,
                        0.0,
                        0.0
                    ]
                }
            ]
        },
        {
            "camera_to_world": [
                -0.046803725795022344,
                -0.4272012796812137,
                0.9029443382016624,
                1.229798891116405,
                0.9989041028893131,
                -0.0199559606808154,
                0.042336188588519896,
                -0.29454112196473414,
                -6.69522317237603e-05,
                0.9039362954722194,
                0.4276671243448102,
                1.2670484887332483,
                0.0,
                0.0,
                0.0,
                1.0
            ],
            "fov": 90.0,
            "aspect": 1.7777777777777777,
            "model_sizes": [
                1.0
            ],
            "model_poses": [
                {
                    "wxyz": [
                        1.0,
                        0.0,
                        0.0,
                        0.0
                    ],
                    "position": [
                        0.0,
                        0.0,
                        0.0
                    ]
                }
            ]
        },
        {
            "camera_to_world": [
                -0.03964360208565698,
                -0.42813709274912815,
                0.9028438484178751,
                1.2283329810354808,
                0.9992138833366853,
                -0.016974779584209898,
                0.03582558032034344,
                -0.3110668038618768,
                -1.2684478549240819e-05,
                0.9035543628749698,
                0.4284734684536626,
                1.2691162295237153,
                0.0,
                0.0,
                0.0,
                1.0
            ],
            "fov": 90.0,
            "aspect": 1.7777777777777777,
            "model_sizes": [
                1.0
            ],
            "model_poses": [
                {
                    "wxyz": [
                        1.0,
                        0.0,
                        0.0,
                        0.0
                    ],
                    "position": [
                        0.0,
                        0.0,
                        0.0
                    ]
                }
            ]
        },
        {
            "camera_to_world": [
                -0.03404648765557383,
                -0.4289861861027925,
                0.9026692023168283,
                1.2248373167621605,
                0.9994202501124326,
                -0.01463069510359416,
                0.0307425832679728,
                -0.3235786050943244,
                1.8534331426844908e-05,
                0.9031925569300081,
                0.4292356051898684,
                1.2709840689396243,
                0.0,
                0.0,
                0.0,
                1.0
            ],
            "fov": 90.0,
            "aspect": 1.7777777777777777,
            "model_sizes": [
                1.0
            ],
            "model_poses": [
                {
                    "wxyz": [
                        1.0,
                        0.0,
                        0.0,
                        0.0
                    ],
                    "position": [
                        0.0,
                        0.0,
                        0.0
                    ]
                }
            ]
        },
        {
            "camera_to_world": [
                -0.028651094445118153,
                -0.43005683844951986,
                0.9023470676463133,
                1.2173458907497334,
                0.9995894725505783,
                -0.012357326693314796,
                0.02584923292965169,
                -0.33575752628198713,
                3.395811558892792e-05,
                0.9027172382201406,
                0.43023433924670423,
                1.2734164103296046,
                0.0,
                0.0,
                0.0,
                1.0
            ],
            "fov": 90.0,
            "aspect": 1.7777777777777777,
            "model_sizes": [
                1.0
            ],
            "model_poses": [
