{
    "keyframes": [
        {
            "matrix": [
                0.7146673098267332,
                0.08642611425212693,
                0.6941045764438514,
                0.6539571094344219,
                0.6994645353876208,
                -0.0883045750662925,
                -0.7091908528438178,
                -1.4635011982886612,
                5.551115123125783e-17,
                0.9923370540283376,
                -0.12356039495874149,
                0.01786310040510118,
                0.0,
                0.0,
                0.0,
                1.0
            ],
            "fov": 90,
            "aspect": 1.7777777777777777,
            "enable_model_transform": true,
            "model_sizes": [
                1.0
            ],
            "model_poses": [
                {
                    "wxyz": [
                        1.0,
                        0.0,
                        0.0,
                        0.0
                    ],
                    "position": [
                        0.0,
                        0.0,
                        0.0
                    ]
                }
            ]
        },
        {
            "matrix": [
                0.851116064479831,
                0.02468213631760874,
                0.5243970222371244,
                0.3680855394925062,
                0.52497756598198,
                -0.0400157341700947,
                -0.8501748621515838,
                -1.7009880931172896,
                2.7755575615628914e-16,
                0.9988941551363827,
                -0.04701560203137581,
                0.1468024409507178,
                0.0,
                0.0,
                0.0,
                1.0
            ],
            "fov": 90,
            "aspect": 1.7777777777777777,
            "enable_model_transform": true,
            "model_sizes": [
                1.0
            ],
            "model_poses": [
                {
                    "wxyz": [
                        1.0,
                        0.0,
                        0.0,
                        0.0
                    ],
                    "position": [
                        0.0,
                        0.0,
                        0.0
                    ]
                }
            ]
        },
        {
            "matrix": [
                0.948966417746961,
                -0.03253129572433808,
                0.3136948402301129,
                0.013158713505970662,
                0.3153771361219776,
                0.09788631968631986,
                -0.9439044074638953,
                -1.8588750675281807,
                2.220446049250313e-16,
                0.9946657645745948,
                0.10315045701903966,
                0.39975645500975127,
                0.0,
                0.0,
                0.0,
                1.0
            ],
            "fov": 90,
            "aspect": 1.7777777777777777,
            "enable_model_transform": true,
            "model_sizes": [
                1.0
            ],
            "model_poses": [
                {
                    "wxyz": [
                        1.0,
                        0.0,
                        0.0,
                        0.0
                    ],
                    "position": [
                        0.0,
                        0.0,
                        0.0
                    ]
                }
            ]
        },
        {
            "matrix": [
                0.9971369961108841,
                -0.011358140869164084,
                0.07475830136485803,
                -0.19633767839234287,
                0.07561620849370002,
                0.14977770895013706,
                -0.9858239330198297,
                -1.7348618845963577,
                2.42861286636753e-16,
                0.9886544545682503,
                0.15020775433497346,
                0.47902424909122615,
                0.0,
                0.0,
                0.0,
                1.0
            ],
            "fov": 90,
            "aspect": 1.7777777777777777,
            "enable_model_transform": true,
            "model_sizes": [
                1.0
            ],
            "model_poses": [
                {
                    "wxyz": [
                        1.0,
                        0.0,
                        0.0,
                        0.0
                    ],
                    "position": [
                        0.0,
                        0.0,
                        0.0
                    ]
                }
            ]
        },
        {
            "matrix": [
                0.9893802628032838,
                0.02224545206318347,
                -0.1436378621318543,
                -0.564224979696823,
                -0.14535025137682073,
                0.15142189985892487,
                -0.9777242518562219,
                -1.721218010102421,
                1.942890293094024e-16,
                0.988218876618747,
                0.15304722112597036,
                0.48380731742978356,
                0.0,
                0.0,
                0.0,
                1.0
            ],
            "fov": 90,
            "aspect": 1.7777777777777777,
            "enable_model_transform": true,
            "model_sizes": [
                1.0
            ],
            "model_poses": [
                {
                    "wxyz": [
                        1.0,
                        0.0,
                        0.0,
                        0.0
                    ],
                    "position": [
                        0.0,
                        0.0,
                        0.0
                    ]
                }
            ]
        },
        {
            "matrix": [
                0.9635014484937873,
                0.04173101411795477,
                -0.26443048464778207,
                -0.9740842954666196,
                -0.26770311681109327,
                0.1501958327147059,
                -0.9517227816358934,
                -1.6470985492096304,
                2.7755575615628914e-16,
                0.987775143590799,
                0.1558854249254139,
                0.4885882582650612,
                0.0,
                0.0,
                0.0,
                1.0
            ],
            "fov": 90,
            "aspect": 1.7777777777777777,
            "enable_model_transform": true,
            "model_sizes": [
                1.0
            ],
            "model_poses": [
                {
                    "wxyz": [
                        1.0,
                        0.0,
                        0.0,
                        0.0
                    ],
                    "position": [
                        0.0,
                        0.0,
                        0.0
                    ]
                }
            ]
        },
        {
            "matrix": [
                0.8584881347386286,
                0.08139812254244175,
                -0.506332369259122,
                -1.3815668724738523,
                -0.512833425697848,
                0.13626124759242791,
                -0.847605303128505,
                -1.4717131506136207,
                2.7755575615628914e-16,
                0.9873232591462234,
                0.15872234231159554,
                0.49336703214330174,
                0.0,
                0.0,
                0.0,
                1.0
            ],
            "fov": 90,
            "aspect": 1.7777777777777777,
            "enable_model_transform": true,
            "model_sizes": [
                1.0
            ],
            "model_poses": [
                {
                    "wxyz": [
                        1.0,
                        0.0,
                        0.0,
                        0.0
                    ],
                    "position": [
                        0.0,
                        0.0,
                        0.0
                    ]
                }
            ]
        },
        {
            "matrix": [
                0.6572897227219421,
                0.11450640228659198,
                -0.7448882494975294,
                -1.1722191792503904,
                -0.7536379902871886,
                0.0998674196083992,
                -0.649658585794606,
                -0.6052165206663457,
                1.1102230246251565e-16,
                0.9883899950607256,
                0.15193820343764405,
                0.4819391823951509,
                0.0,
                0.0,
                0.0,
                1.0
            ],
            "fov": 90,
            "aspect": 1.7777777777777777,
            "enable_model_transform": true,
            "model_sizes": [
                1.0
            ],
            "model_poses": [
                {
                    "wxyz": [
                        1.0,
                        0.0,
                        0.0,
                        0.0
                    ],
                    "position": [
                        0.0,
                        0.0,
                        0.0
                    ]
                }
            ]
        },
        {
            "matrix": [
                0.44219734616677114,
                0.15609611750762725,
                -0.8832301563817384,
                -1.405248996696637,
                -0.8969177816517326,
                0.0769583236288332,
                -0.43544908931030646,
                -0.24437599864324122,
                1.6653345369377348e-16,
                0.9847392642335764,
                0.17403614991350266,
                0.5191630683976034,
                0.0,
                0.0,
                0.0,
                1.0
            ],
            "fov": 90,
            "aspect": 1.7777777777777777,
            "enable_model_transform": true,
            "model_sizes": [
                1.0
            ],
            "model_poses": [
                {
                    "wxyz": [
                        1.0,
                        0.0,
                        0.0,
                        0.0
                    ],
                    "position": [
                        0.0,
                        0.0,
                        0.0
                    ]
                }
            ]
        },
        {
            "matrix": [
                -0.09578481511985548,
                0.05551486306861442,
                -0.9938527904931032,
                -1.2956747896902765,
                -0.9954020640889063,
                -0.005342043268011909,
                0.09563573276379278,
                0.43305801957759404,
                5.551115123125783e-17,
                0.9984435700389861,
                0.05577129591290053,
                0.31994648290064776,
                0.0,
                0.0,
                0.0,
                1.0
            ],
            "fov": 90,
            "aspect": 1.7777777777777777,
            "enable_model_transform": true,
            "model_sizes": [
                1.0
            ],
            "model_poses": [
                {
                    "wxyz": [
                        1.0,
                        0.0,
                        0.0,
                        0.0
                    ],
                    "position": [
                        0.0,
                        0.0,
                        0.0
                    ]
                }
            ]
        },
        {
            "matrix": [
                -0.09578481511985537,
                0.05551495237187193,
                -0.9938527855047767,
                -1.128255416125023,
                -0.9954020640889063,
                -0.005342051861419894,
                0.09563573228377964,
                0.4169477116698967,
                -5.551115123125783e-17,
                0.9984435650276177,
                0.05577138562866546,
                0.31994663402642826,
                0.0,
                0.0,
                0.0,
                1.0
            ],
            "fov": 90,
            "aspect": 1.7777777777777777,
            "enable_model_transform": true,
            "model_sizes": [
                1.0
            ],
            "model_poses": [
                {
                    "wxyz": [
                        1.0,
                        0.0,
                        0.0,
                        0.0
                    ],
                    "position": [
                        0.0,
                        0.0,
                        0.0
                    ]
                }
            ]
        },
        {
            "matrix": [
                -0.3063755043428895,
                0.0663937797770196,
                -0.9495925001523342,
                -1.0536919133618083,
                -0.9519107365392201,
                -0.02136904962157382,
                0.3056293725734334,
                0.7706803036863674,
                -1.6653345369377348e-16,
                0.9975646493963144,
                0.06974790516430318,
                0.3434900148774047,
                0.0,
                0.0,
                0.0,
                1.0
            ],
            "fov": 90,
            "aspect": 1.7777777777777777,
            "enable_model_transform": true,
            "model_sizes": [
                1.0
            ],
            "model_poses": [
                {
                    "wxyz": [
                        1.0,
                        0.0,
                        0.0,
                        0.0
                    ],
                    "position": [
                        0.0,
                        0.0,
                        0.0
                    ]
                }
            ]
        },
        {
            "matrix": [
                -0.5716218755595689,
                0.06839258188153446,
                -0.8176618409375224,
                -0.8314553438142451,
                -0.8205171731181258,
                -0.047646407912361965,
                0.5696326785142231,
                1.2153926200704415,
                -2.220446049250313e-16,
                0.9965200823649397,
                0.0833530170022273,
                0.36640776122359847,
                0.0,
                0.0,
                0.0,
                1.0
            ],
            "fov": 90,
            "aspect": 1.7777777777777777,
            "enable_model_transform": true,
            "model_sizes": [
                1.0
            ],
            "model_poses": [
                {
                    "wxyz": [
                        1.0,
                        0.0,
                        0.0,
                        0.0
                    ],
                    "position": [
                        0.0,
                        0.0,
                        0.0
                    ]
                }
            ]
        },
        {
            "matrix": [
                -0.7901786710245366,
                0.041594252917863894,
                -0.6114634788620679,
                -0.5421643544857568,
                -0.6128765518910785,
                -0.05362726211580937,
                0.7883568030403904,
                0.9699714304540972,
                -5.551115123125783e-17,
                0.9976943594519153,
                0.06786726101614016,
                0.34032207873189624,
                0.0,
                0.0,
                0.0,
                1.0
            ],
            "fov": 90,
            "aspect": 1.7777777777777777,
            "enable_model_transform": true,
            "model_sizes": [
                1.0
            ],
            "model_poses": [
                {
                    "wxyz": [
                        1.0,
                        0.0,
                        0.0,
                        0.0
                    ],
                    "position": [
                        0.0,
                        0.0,
                        0.0
                    ]
                }
            ]
        },
        {
            "matrix": [
                -0.9091461504984492,
                0.03285140607992795,
                -0.4151795541117407,
                -0.21152501444562624,
                -0.41647722270713927,
                -0.07171275581865377,
                0.9063134135711788,
                1.1686687812885066,
                -2.498001805406602e-16,
                0.9968841787145919,
                0.0788792382603567,
                0.3588717021572275,
                0.0,
                0.0,
                0.0,
                1.0
            ],
            "fov": 90,
            "aspect": 1.7777777777777777,
            "enable_model_transform": true,
            "model_sizes": [
                1.0
            ],
            "model_poses": [
                {
                    "wxyz": [
                        1.0,
                        0.0,
                        0.0,
                        0.0
                    ],
                    "position": [
                        0.0,
                        0.0,
                        0.0
                    ]
                }
            ]
        },
        {
            "matrix": [
                -0.9882731948962498,
                0.036431040308934064,
                -0.14828645100469495,
                0.23805515155535384,
                -0.15269607804249252,
                -0.23578746134845274,
                0.9597333904899281,
                1.2586544789753717,
                -2.0816681711721685e-16,
                0.9711215435633485,
                0.23858530471749373,
                0.6278958134335886,
                0.0,
                0.0,
                0.0,
                1.0
            ],
            "fov": 90,
            "aspect": 1.7777777777777777,
            "enable_model_transform": true,
            "model_sizes": [
                1.0
            ],
            "model_poses": [
                {
                    "wxyz": [
                        1.0,
                        0.0,
                        0.0,
                        0.0
                    ],
                    "position": [
                        0.0,
                        0.0,
                        0.0
                    ]
                }
            ]
        },
        {
            "matrix": [
                -0.9850378891503503,
                -0.01120984352835204,
                0.17197295236836707,
                0.77753059717632,
                0.1723379149758485,
                -0.06407249738643306,
                0.9829518595233661,
                1.2977658799101304,
                -2.636779683484747e-16,
                0.9978822848847132,
                0.06504571863900466,
                0.3355692039834518,
                0.0,
                0.0,
                0.0,
                1.0
            ],
            "fov": 90,
            "aspect": 1.7777777777777777,
            "enable_model_transform": true,
            "model_sizes": [
                1.0
            ],
            "model_poses": [
                {
                    "wxyz": [
                        1.0,
                        0.0,
                        0.0,
                        0.0
                    ],
                    "position": [
                        0.0,
                        0.0,
                        0.0
                    ]
                }
            ]
        },
        {
            "matrix": [
                -0.9720607299849585,
                -0.07898772785297091,
                0.2210404398967187,
                0.8601845471339543,
                0.2347294979782258,
                -0.32710361951924083,
                0.9153716648860735,
                1.1839273626546782,
                -1.942890293094024e-16,
                0.9416815602665463,
                0.33650533287596374,
                0.7928416363185247,
                0.0,
                0.0,
                0.0,
                1.0
            ],
            "fov": 90,
            "aspect": 1.7777777777777777,
            "enable_model_transform": true,
            "model_sizes": [
                1.0
            ],
            "model_poses": [
                {
                    "wxyz": [
                        1.0,
                        0.0,
                        0.0,
                        0.0
                    ],
                    "position": [
                        0.0,
                        0.0,
                        0.0
                    ]
                }
            ]
        },
        {
            "matrix": [
                -0.887865689577192,
                -0.18349300231803134,
                0.42192989390647784,
                1.1985818793622434,
                0.46010272469484104,
                -0.35408862476035385,
                0.8142031248673173,
                1.0135094369525421,
                -2.220446049250313e-16,
                0.9170341127328011,
                0.39880877132325454,
                0.8977914828056788,
                0.0,
                0.0,
                0.0,
                1.0
            ],
            "fov": 90,
            "aspect": 1.7777777777777777,
            "enable_model_transform": true,
            "model_sizes": [
                1.0
            ],
            "model_poses": [
                {
                    "wxyz": [
                        1.0,
                        0.0,
                        0.0,
                        0.0
                    ],
                    "position": [
                        0.0,
                        0.0,
                        0.0
                    ]
                }
            ]
        },
        {
            "matrix": [
                -0.5950797468140667,
                -0.3203446085311905,
                0.737061345287287,
                1.3740934574740593,
                0.8036666566006747,
                -0.2372010670995307,
                0.5457614486523736,
                0.24518957021761884,
                -1.6653345369377348e-16,
                0.917123211761562,
                0.3986038314519286,
                0.8974462625646973,
                0.0,
                0.0,
                0.0,
                1.0
            ],
            "fov": 90,
            "aspect": 1.7777777777777777,
            "enable_model_transform": true,
            "model_sizes": [
                1.0
            ],
            "model_poses": [
                {
                    "wxyz": [
                        1.0,
                        0.0,
                        0.0,
                        0.0
                    ],
                    "position": [
                        0.0,
                        0.0,
                        0.0
                    ]
                }
            ]
        },
        {
            "matrix": [
                -0.3989151115224506,
                -0.3596164856144561,
                0.8435299147471528,
                1.5534392576255724,
                0.9169878591339315,
                -0.15644312957392148,
                0.36695887155114043,
                -0.05600252264187347,
                -1.1102230246251565e-16,
                0.9198921298083951,
                0.3921714797337702,
                0.8866109966115473,
                0.0,
                0.0,
                0.0,
                1.0
            ],
            "fov": 90,
            "aspect": 1.7777777777777777,
            "enable_model_transform": true,
            "model_sizes": [
                1.0
            ],
            "model_poses": [
                {
                    "wxyz": [
                        1.0,
                        0.0,
                        0.0,
                        0.0
                    ],
                    "position": [
                        0.0,
                        0.0,
                        0.0
                    ]
                }
            ]
        },
        {
            "matrix": [
                -0.3932688269848732,
                -0.24049800942349703,
                0.8874121574473035,
                1.6273586872697186,
                0.9194235311987302,
                -0.10286920755102191,
                0.37957646978689663,
                -0.03474823827361222,
                -1.6653345369377348e-16,
                0.9651832124530351,
                0.26157478165687065,
                0.6666214782722767,
                0.0,
                0.0,
                0.0,
                1.0
            ],
            "fov": 90,
            "aspect": 1.7777777777777777,
            "enable_model_transform": true,
            "model_sizes": [
                1.0
            ],
            "model_poses": [
                {
                    "wxyz": [
                        1.0,
                        0.0,
                        0.0,
                        0.0
                    ],
                    "position": [
                        0.0,
                        0.0,
                        0.0
                    ]
                }
            ]
        },
        {
            "matrix": [
                -0.2568313385317832,
                -0.09019314633524245,
                0.9622384631171851,
                1.7534032441828769,
                0.9664562398515376,
                -0.02396841734213606,
                0.25571048359842535,
                -0.243399904368381,
                -1.1102230246251565e-16,
                0.9956358326839501,
                0.09332356977600709,
                0.38320311006916075,
                0.0,
                0.0,
                0.0,
                1.0
            ],
            "fov": 90,
            "aspect": 1.7777777777777777,
            "enable_model_transform": true,
            "model_sizes": [
                1.0
            ],
            "model_poses": [
                {
                    "wxyz": [
                        1.0,
                        0.0,
                        0.0,
                        0.0
                    ],
                    "position": [
                        0.0,
                        0.0,
                        0.0
                    ]
                }
            ]
        },
        {
            "matrix": [
                -0.20209872047300204,
                0.025925561440634626,
                0.9790219468669554,
                1.7816749429358791,
                0.9793651551812408,
                0.0053499175123568055,
                0.2020278970821493,
                -0.33382796667641784,
                1.1102230246251565e-16,
                0.9996495604193497,
                -0.02647180298735141,
                0.18140837297736465,
                0.0,
                0.0,
                0.0,
                1.0
            ],
            "fov": 90,
            "aspect": 1.7777777777777777,
            "enable_model_transform": true,
            "model_sizes": [
                1.0
            ],
            "model_poses": [
                {
                    "wxyz": [
                        1.0,
                        0.0,
                        0.0,
                        0.0
                    ],
                    "position": [
                        0.0,
                        0.0,
                        0.0
                    ]
                }
            ]
        },
        {
            "matrix": [
                0.09792927090257691,
                0.10552751360979962,
                0.9895826401932402,
                1.7994643807424162,
                0.9951933771385791,
                -0.01038414513738356,
                -0.09737716174378935,
                -0.8381743678440449,
                5.551115123125783e-17,
                0.9943621641037534,
                -0.10603719441262466,
                0.04738084859221754,
                0.0,
                0.0,
                0.0,
                1.0
            ],
            "fov": 90,
            "aspect": 1.7777777777777777,
            "enable_model_transform": true,
            "model_sizes": [
                1.0
            ],
            "model_poses": [
                {
                    "wxyz": [
                        1.0,
                        0.0,
                        0.0,
                        0.0
                    ],
                    "position": [
                        0.0,
                        0.0,
                        0.0
                    ]
                }
            ]
        },
        {
            "matrix": [
                0.28962280103164556,
                0.09875805427203854,
                0.9520322892838169,
                1.7362109927802605,
                0.9571408637826431,
                -0.029883359268211895,
                -0.2880769892168815,
                -1.1594073225125074,
                1.6653345369377348e-16,
                0.9946626722438359,
                -0.10318027158692672,
                0.05219332153841474,
                0.0,
                0.0,
                0.0,
                1.0
            ],
            "fov": 90,
            "aspect": 1.7777777777777777,
            "enable_model_transform": true,
            "model_sizes": [
                1.0
            ],
            "model_poses": [
                {
                    "wxyz": [
                        1.0,
                        0.0,
                        0.0,
                        0.0
                    ],
                    "position": [
                        0.0,
                        0.0,
                        0.0
                    ]
                }
            ]
        },
        {
            "matrix": [
                0.4877089765104807,
                0.19851825287545644,
                0.850135552430538,
                1.5645664229650504,
                0.8730062738784296,
                -0.1109031364670589,
                -0.4749321426168899,
                -1.474163941944599,
                1.1102230246251565e-16,
                0.9738023401065771,
                -0.22739613541780962,
                -0.1570477117851221,
                0.0,
                0.0,
                0.0,
                1.0
            ],
            "fov": 90,
            "aspect": 1.7777777777777777,
            "enable_model_transform": true,
            "model_sizes": [
                1.0
            ],
            "model_poses": [
                {
                    "wxyz": [
                        1.0,
                        0.0,
                        0.0,
                        0.0
                    ],
                    "position": [
                        0.0,
                        0.0,
                        0.0
                    ]
                }
            ]
        },
        {
            "matrix": [
                0.6575433920461788,
                0.15292971798212324,
                0.7377324643353533,
                1.3752239543266325,
                0.7534166759346419,
                -0.13346920597673964,
                -0.64385501743757,
                -1.7587137231833616,
                3.3306690738754696e-16,
                0.9791825531604651,
                -0.20298159420536904,
                -0.11592153293918785,
                0.0,
                0.0,
                0.0,
                1.0
            ],
            "fov": 90,
            "aspect": 1.7777777777777777,
            "enable_model_transform": true,
            "model_sizes": [
                1.0
            ],
            "model_poses": [
                {
                    "wxyz": [
                        1.0,
                        0.0,
                        0.0,
                        0.0
                    ],
                    "position": [
                        0.0,
                        0.0,
                        0.0
                    ]
                }
            ]
        },
        {
            "matrix": [
                0.6290250052995708,
                0.03790834059198578,
                0.776460237501855,
                1.44046070449496,
                0.7773850672014964,
                -0.030673722904934003,
                -0.6282766747343693,
                -1.7324720788059267,
                3.885780586188048e-16,
                0.9988103325640527,
                -0.04876391661143176,
                0.14385741333489313,
                0.0,
                0.0,
                0.0,
                1.0
            ],
            "fov": 90,
            "aspect": 1.7777777777777777,
            "enable_model_transform": true,
            "model_sizes": [
                1.0
            ],
            "model_poses": [
                {
                    "wxyz": [
                        1.0,
                        0.0,
                        0.0,
                        0.0
                    ],
                    "position": [
                        0.0,
                        0.0,
                        0.0
                    ]
                }
            ]
        },
        {
            "matrix": [
                0.7498343544949275,
                -0.10627531581836941,
                0.6530344539661603,
                1.2325505576804034,
                0.6616256047185411,
                0.12044407330534226,
                -0.7400978208226545,
                -1.9208342688945468,
                2.220446049250313e-16,
                0.9870150872470609,
                0.16062757405463365,
                0.4965763859757304,
                0.0,
                0.0,
                0.0,
                1.0
            ],
            "fov": 90,
            "aspect": 1.7777777777777777,
            "enable_model_transform": true,
            "model_sizes": [
                1.0
            ],
            "model_poses": [
                {
                    "wxyz": [
                        1.0,
                        0.0,
                        0.0,
                        0.0
                    ],
                    "position": [
                        0.0,
                        0.0,
                        0.0
                    ]
                }
            ]
        }
    ],
    "camera_type": "perspective",
    "render_height": 1080.0,
    "render_width": 1920.0,
    "fps": 30.0,
    "seconds": 8.0,
    "is_cycle": false,
    "smoothness_value": 0.0,
    "orientation_transform": [
        [
            1.0,
            0.0,
            0.0,
            0.0
        ],
        [
            0.0,
            1.0,
            0.0,
            0.0
        ],
        [
            0.0,
            0.0,
            1.0,
            0.0
        ],
        [
            0.0,
            0.0,
            0.0,
            1.0
        ]
    ],
    "background_color": [
        0.5,
        0.5,
        0.5
    ],
    "sh_degree": 3,
    "camera_path": [
        {
            "camera_to_world": [
                0.7146673098267332,
                0.08642611425212693,
                0.6941045764438514,
                0.6539571094344219,
                0.6994645353876208,
                -0.0883045750662925,
                -0.7091908528438178,
                -1.4635011982886612,
                5.551115123125783e-17,
                0.9923370540283376,
                -0.12356039495874149,
                0.01786310040510118,
                0.0,
                0.0,
                0.0,
                1.0
            ],
            "fov": 90.0,
            "aspect": 1.7777777777777777,
            "model_sizes": [
                1.0
            ],
            "model_poses": [
                {
                    "wxyz": [
                        1.0,
                        0.0,
                        0.0,
                        0.0
                    ],
                    "position": [
                        0.0,
                        0.0,
                        0.0
                    ]
                }
            ]
        },
        {
            "camera_to_world": [
                0.7411081419147466,
                0.07504011586232595,
                0.6671789137847812,
                0.611932471578032,
                0.6713847375897397,
                -0.0811739373860315,
                -0.7366500702645763,
                -1.500451604286095,
                -0.001120767249798038,
                0.9938711047719505,
                -0.11053945440499716,
                0.03543565379554853,
                0.0,
                0.0,
                0.0,
                1.0
            ],
            "fov": 90.0,
            "aspect": 1.7777777777777777,
            "model_sizes": [
                1.0
            ],
            "model_poses": [
                {
                    "wxyz": [
                        1.0,
                        0.0,
                        0.0,
                        0.0
                    ],
                    "position": [
                        0.0,
                        0.0,
                        0.0
                    ]
                }
            ]
        },
        {
            "camera_to_world": [
                0.7643414861013301,
                0.06495749625531178,
                0.6415314616639245,
                0.5705729842641201,
                0.6448098150847006,
                -0.07461071792335475,
                -0.7606928047125173,
                -1.536668205041828,
                -0.0015475770883914275,
                0.9950948519870871,
                -0.09891329816537686,
                0.0528310799463683,
                0.0,
                0.0,
                0.0,
                1.0
            ],
            "fov": 90.0,
            "aspect": 1.7777777777777777,
            "model_sizes": [
                1.0
            ],
            "model_poses": [
                {
                    "wxyz": [
                        1.0,
                        0.0,
                        0.0,
                        0.0
                    ],
                    "position": [
                        0.0,
                        0.0,
                        0.0
                    ]
                }
            ]
        },
        {
            "camera_to_world": [
                0.7846079902643288,
                0.05605476960976419,
                0.6174529653482661,
                0.5305437980351642,
                0.6199903773654798,
                -0.06853714533349226,
                -0.7816102556157678,
                -1.5714171953141611,
                -0.001494519180500864,
                0.9960725488203819,
                -0.08852820962205828,
                0.06987225161793295,
                0.0,
                0.0,
                0.0,
                1.0
            ],
            "fov": 90.0,
            "aspect": 1.7777777777777777,
            "model_sizes": [
                1.0
            ],
            "model_poses": [
                {
                    "wxyz": [
                        1.0,
                        0.0,
                        0.0,
                        0.0
                    ],
                    "position": [
                        0.0,
                        0.0,
                        0.0
                    ]
                }
            ]
        },
        {
            "camera_to_world": [
                0.8021402886637298,
                0.048221764114194876,
                0.5951853650487242,
                0.49251006343364234,
                0.5971345179910768,
                -0.06285563594225772,
                -0.7996746441233826,
                -1.603964769861393,
                -0.00115096743335813,
